35,23
35,22
35,21
35,20
36,113
36,112
36,111
36,110
36,109
36,108
36,107
36,106
0,424
36,105
36,104
36,103
36,102
36,101
36,100
36,99
36,98
36,97
36,96
36,95
36,94
36,93
36,92
34,201
0,423
0,422
36,91
36,90
36,89
36,88
0,420
34,200
34,199
34,198
34,197
34,196
34,195
34,194
34,193
35,19
35,18
35,17
34,192
0,416
70,37
70,36
0,415
36,87
36,86
36,85
36,84
36,83
36,82
36,81
36,80
0,414
0,410
0,407
36,73
36,72
36,71
36,70
36,69
36,68
36,67
36,66
34,182
34,181
34,180
70,35
10,104
10,85
10,74
10,2
10,3
11,14
11,19
11,5
11,2
11,3
9,5
9,2
9,3
8,10
8,5
8,8
8,7
8,2
8,3
0,318
12,2
12,1
12,3
20,2
20,1
20,3
19,2
19,1
19,3
18,1
18,3
14,1
14,7
14,3
13,1
13,3
2,2
2,1
2,3
11,30
11,29
11,28
11,27
11,26
11,25
11,24
11,23
11,22
11,1
11,21
10,316
10,315
10,314
10,313
10,312
10,311
10,310
10,309
10,308
10,307
10,306
10,305
10,304
10,303
10,302
10,301
10,300
10,299
10,298
10,297
10,296
10,295
10,294
10,293
10,292
10,291
10,290
10,289
10,288
10,287
10,286
10,285
10,284
10,283
10,282
10,281
10,280
10,279
10,278
10,277
10,276
10,275
10,274
10,273
10,272
10,271
10,270
10,269
10,268
10,267
10,266
10,265
10,264
10,263
10,262
10,261
10,260
10,259
10,258
10,257
10,256
10,255
10,254
